% c组数据
t=5:5:25; 
p=[0 0.05 0.7 1 1];
a=0.9803    3.0912e-05   0.7514

% b组数据
t=5:5:25; 
p=[0 0 0.2 0.8 1];
a=1.0163    6.5153e-05       0.5486

% a组数据
t=5:5:25; 
p=[0 0 0.05 0.7 1];
a=1.0102    6.4295e-07    0.7541