%第八个
n=[1.174,1.697,3.107,4.033,4.704,6.208,6.893,7.819,9.235,9.765]; 
p=[31,-40,23,9,-38,37,-10,-21,41,30];
a =[

  -37.9847   -0.1002    4.0793];

%第一个
n=[0.66442953 1.375838926	2.134228188	2.966442953	3.88590604	4.872483221	5.973154362	7.127516779	8.375838926	9.657718121];
p=[-45	-88	-122	-150	-160	-162	-147	-124	-87	-46];
a =[

  162.6756   -0.6277   22.1470];
  
%第二个
n=[1.402684564	2.718120805	3.785234899	4.604026846	5.302013423	5.738255034	6.348993289	7.154362416	8.22147651	9.530201342];
p=[65	112	124	94	51	-33	-91	-120	-110	-65];
a =[

  134.2847   -3.8977    11.4303];

%第三个
n=[1.496644295	2.657718121	3.348993289	3.765100671	4.32885906	5.32885906	6.765100671	8.342281879	9.651006711	10.48322148];
p=[79	103	59	-31	-94	-94	-29	57	103	77];
a =[

   59.3908   -0.3496    8.5816];
   
%第四个
n=[0.463087248	1.536912752	3.120805369	4.516778523	5.261744966	5.67114094	6.409395973	7.805369128	9.395973154	10.47651007];
p=[-75	-64	25	81	45	-43	-82	-23	65	76];
a =[

   92.3103    0.3795    7.2847];

%第五个
n=[0.523489933	1.77852349	3.382550336	4.214765101	4.630872483	5.630872483	7.201342282	8.382550336	8.838926174	9.523489933];
p=[-66	-28	64	36	-49	-49	36	63	-18	-66];
a =[

   70.8469   -4.6793    5.6707];
   
%第六个
n=[1.295302013	1.872483221	2.657718121	579	5.228187919	5.718120805	6.791946309	8.275167785	9.067114094	9.637583893];
p=[49	-14	-44	26	40	-36	-25	47	16	-49];
a =[

   50.8949   -1.8033    4.6427];
   
%第七个
n=[0.651006711	2.234899329	3.053691275	3.617449664	5.161073826	6.161073826	6.624161074	8.067114094	9.228187919	9.644295302];
p=[-47	40	15	-53	30	30	-50	16	40	-48];
a =[

   63.9667    0.1973    4.3719];









